291.2037255 384.6230306 15.5502555 47.0122663
291.2038531 384.419091 15.5500002 47.3950747
290.2788102 545.5732388 15.5502555 47.0122663
290.2789378 545.3692904 15.5500002 47.3950747
203.3296782 762.954319 15.5502555 84.0
203.3295324 762.766686 15.5505472 84.4003897
379.0443308 616.9104375 37.824052 69.1646444
333.8593291 616.910464 128.3646982 69.1645914
169.1045181 392.9543868 28.500011 26.6500161
126.5548487 392.9542661 24.7999991 34.0500035
126.591862 392.9543984 24.8000024 33.9759736
112.6835692 559.82807 54.4049506 31.4600281
112.6835626 559.8280645 54.4049639 31.4600391
112.3164465 559.0881644 32.1766526 10.7401956
135.2510942 559.0877983 32.1725286 10.7401868
112.6825812 499.7025936 54.4049506 31.4600281
112.6825746 499.7025925 54.4049639 31.4600391
112.3154232 498.9626925 32.1766526 10.7401956
135.2501062 498.962322 32.1725286 10.7401868
157.0815156 559.8268703 54.4049506 31.4600281
157.0815089 559.8268647 54.4049639 31.4600391
156.7143928 559.0869647 32.1766526 10.7401956
179.6490405 559.0865986 32.1725286 10.7401868
157.0835974 499.7021967 54.4049506 31.4600281
157.0835908 499.7021956 54.4049639 31.4600391
156.7164747 498.9622933 32.1766526 10.7401956
179.6511224 498.961925 32.1725286 10.7401868
476.204193 104.3535709 15.5502555 84.0
476.2040472 104.1659379 15.5505472 84.4003897
107.1360445 458.6328707 84.0 15.5502555
106.9232879 458.6327249 84.4003897 15.5505472
143.2046366 458.6291436 84.0 15.5502555
142.9918799 458.6289978 84.4003897 15.5505472
213.5043112 389.2482335 15.5502555 47.0122663
213.5044389 389.0442939 15.5500002 47.3950747
143.2048395 631.6042745 50.7000318 37.7503573
143.2048439 615.8794262 50.7000229 69.2000538
330.2760189 637.2177155 29.9972887 26.5349078
328.081149 637.1587615 32.3249881 26.9262819
352.3572693 659.5353818 26.5349078 29.9972887
352.2983153 659.4025522 26.9262819 32.3249881
377.7028317 659.6834064 26.5349078 29.9972887
377.6438777 659.5505768 26.9262819 32.3249881
403.2325869 660.4614263 26.5349078 29.9972887
403.1736329 660.3285967 26.9262819 32.3249881
378.8729668 611.2477946 26.5349078 29.9972887
378.5405467 609.0529248 26.9262819 32.3249881
353.3422236 611.3958545 26.5349078 29.9972887
353.0098035 609.2009846 26.9262819 32.3249881
404.1574845 612.3615603 26.5349078 29.9972887
403.8250644 610.1666905 26.9262819 32.3249881
435.725292 637.2148573 29.9972887 26.5349078
435.5924712 636.8824196 32.3249881 26.9262819
256.0565491 757.4041454 84.0 15.5502555
255.8437924 757.4039996 84.4003897 15.5505472
369.8297689 756.4792477 84.0 15.5502555
369.6170299 756.4791019 84.4003897 15.5505472
305.0756735 790.6989048 38.9982272 54.3999885
311.1806578 806.4292555 21.5420143 22.9500141
307.2981017 800.7675355 36.8010858 37.8072713
305.0783619 790.6898496 32.2000229 54.4000326
290.278916 582.573327 15.5502555 47.0122663
290.2790437 582.3693874 15.5500002 47.3950747
280.8439617 577.7692177 19.6206017 52.9202414
280.104248 577.0293133 21.1000997 54.4000326
280.1002667 577.0292868 21.1079916 54.4041082
440.1295254 227.3789873 47.0 47.0
392.0292537 195.0035815 47.0 47.0
150.6039591 105.279192 47.0 47.0
389.2543137 296.7538991 47.0 47.0
332.8292925 396.6541567 47.0 47.0
347.6293314 220.903945 47.0 47.0
260.6795378 216.278945 47.0 47.0
286.579072 153.3790226 47.0 47.0
192.2295942 188.5288568 47.0 47.0
234.7796507 165.4037862 47.0 47.0
441.0544496 462.3290896 47.0 47.0
319.8793314 503.0293508 47.0 47.0
392.954416 536.329319 47.0 47.0
441.0544848 367.9791443 47.0 47.0
297.6787262 328.2039132 47.0 47.0
115.454566 232.0039167 47.0 47.0
774.0488281 799.9541489 47.0122663 15.5502555
773.844862 799.9542765 47.3950747 15.5500002
737.0487222 799.9541489 47.0122663 15.5502555
736.8447562 799.9542765 47.3950747 15.5500002
700.0486869 799.9540783 47.0122663 15.5502555
699.8447209 799.954206 47.3950747 15.5500002
810.1238422 764.8041736 47.0122663 15.5502555
809.9199114 764.8043012 47.3950747 15.5500002
773.1236658 726.8791524 47.0122663 15.5502555
772.919735 726.8792801 47.3950747 15.5500002
775.8987293 689.8791524 47.0122663 15.5502555
775.6947632 689.8792801 47.3950747 15.5500002
513.1985475 798.1043183 47.0122663 15.5502555
512.994608 798.1044459 47.3950747 15.5500002
515.0485634 726.8792583 47.0122663 15.5502555
514.8446239 726.8793859 47.3950747 15.5500002
770.354777 762.9480447 15.5502555 47.0122663
770.3549046 762.769167 15.5500002 47.3950747
770.3546711 728.7231259 15.5502555 47.0122663
770.3547988 728.5442658 15.5500002 47.3950747
658.4295794 656.5732388 15.5502555 47.0122663
658.429707 656.3943787 15.5500002 47.3950747
658.42965 693.5732035 15.5502555 47.0122663
658.4297776 693.3943434 15.5500002 47.3950747
658.4296147 730.5732388 15.5502555 47.0122663
658.4297423 730.3943787 15.5500002 47.3950747
624.2046429 767.5732564 15.5502555 47.0122663
624.2047706 767.394414 15.5500002 47.3950747
588.1296112 801.7981576 15.5502555 47.0122663
588.1297388 801.6193152 15.5500002 47.3950747
659.3546888 802.7232847 15.5502555 47.0122663
659.3548164 802.5444422 15.5500002 47.3950747
515.0544647 659.3483023 15.5502555 47.0122663
515.0545924 659.1694422 15.5500002 47.3950747
515.0545176 693.5732388 15.5502555 47.0122663
515.0546453 693.3943787 15.5500002 47.3950747
546.5045406 729.6482176 15.5502555 47.0122663
546.5046682 729.4693576 15.5500002 47.3950747
546.504567 766.6481294 15.5502555 47.0122663
546.5046947 766.4692517 15.5500002 47.3950747
513.2046076 766.6481294 15.5502555 47.0122663
513.2047353 766.469287 15.5500002 47.3950747
592.7486305 801.8042618 47.0122663 15.5502555
592.5446909 801.8043895 47.3950747 15.5500002
624.1986622 762.0292865 47.0122663 15.5502555
623.9947138 762.0294142 47.3950747 15.5500002
586.2795071 730.5732741 15.5502555 47.0122663
586.2796347 730.394414 15.5500002 47.3950747
586.2794277 693.5733799 15.5502555 47.0122663
586.2795553 693.3945199 15.5500002 47.3950747
586.279463 658.4233164 15.5502555 47.0122663
586.2795906 658.2444564 15.5500002 47.3950747
586.2794188 622.3484258 15.5502555 47.0122663
586.2795465 622.1695657 15.5500002 47.3950747
586.2794453 586.2733147 15.5502555 47.0122663
586.2795729 586.0944458 15.5500002 47.3950747
586.27941 550.1982564 15.5502555 47.0122663
586.2795377 550.0193787 15.5500002 47.3950747
586.2793571 515.0482591 15.5502555 47.0122663
586.2794847 514.8693902 15.5500002 47.3950747
622.35453 693.5733799 15.5502555 47.0122663
622.3546576 693.3945199 15.5500002 47.3950747
590.8985528 725.9542724 47.0122663 15.5502555
590.6946133 725.9544 47.3950747 15.5500002
622.3485669 653.8042618 47.0122663 15.5502555
622.1446362 653.8043895 47.3950747 15.5500002
550.1985387 694.504223 47.0122663 15.5502555
549.9945903 694.5043506 47.3950747 15.5500002
515.0485105 655.6542689 47.0122663 15.5502555
514.8445709 655.6543965 47.3950747 15.5500002
663.9735846 762.0292512 47.0122663 15.5502555
663.7696362 762.0293789 47.3950747 15.5500002
700.9736375 762.0291454 47.0122663 15.5502555
700.7696715 762.029273 47.3950747 15.5500002
663.9735669 726.8791877 47.0122663 15.5502555
663.7696362 726.8793154 47.3950747 15.5500002
700.9736022 726.8791524 47.0122663 15.5502555
700.7696715 726.8792801 47.3950747 15.5500002
737.0486869 726.8791877 47.0122663 15.5502555
736.8447209 726.8793154 47.3950747 15.5500002
739.8236799 689.8790819 47.0122663 15.5502555
739.6197138 689.8792095 47.3950747 15.5500002
702.8236093 689.8791524 47.0122663 15.5502555
702.6196786 689.8792801 47.3950747 15.5500002
659.3486375 653.8042618 47.0122663 15.5502555
659.1446891 653.8043895 47.3950747 15.5500002
692.6544453 585.3483288 15.5502555 47.0122663
692.6545729 585.1694599 15.5500002 47.3950747
692.6544453 622.3483905 15.5502555 47.0122663
692.6545729 622.1695305 15.5500002 47.3950747
770.3544947 657.4981541 15.5502555 47.0122663
770.3546223 657.319294 15.5500002 47.3950747
770.3486375 653.8041913 47.0122663 15.5502555
770.1447068 653.8043189 47.3950747 15.5500002
736.1236305 617.7292124 47.0122663 15.5502555
735.9196644 617.7293401 47.3950747 15.5500002
736.1295935 615.8732776 15.5502555 47.0122663
736.1297211 615.6944175 15.5500002 47.3950747
770.3545653 617.7232494 15.5502555 47.0122663
770.3546929 617.5443717 15.5500002 47.3950747
808.279657 585.3482229 15.5502555 47.0122663
808.2797847 585.169354 15.5500002 47.3950747
776.8236799 579.8042354 47.0122663 15.5502555
776.6197138 579.804363 47.3950747 15.5500002
809.1987504 616.8041648 47.0122663 15.5502555
808.9947844 616.8042924 47.3950747 15.5500002
622.3544947 616.7983693 15.5502555 47.0122663
622.3546223 616.6195093 15.5500002 47.3950747
622.3544594 582.5733711 15.5502555 47.0122663
622.3545871 582.3945022 15.5500002 47.3950747
622.3544241 547.4233164 15.5502555 47.0122663
622.3545518 547.2444387 15.5500002 47.3950747
622.3544594 510.4232944 15.5502555 47.0122663
622.3545871 510.2444255 15.5500002 47.3950747
809.198821 540.9540386 47.0122663 15.5502555
808.994855 540.9541663 47.3950747 15.5500002
773.1235952 540.9540739 47.0122663 15.5502555
772.9196644 540.9542016 47.3950747 15.5500002
736.1235246 540.9541092 47.0122663 15.5502555
735.9195939 540.9542369 47.3950747 15.5500002
736.1294877 544.648147 15.5502555 47.0122663
736.1296153 544.4692693 15.5500002 47.3950747
736.1294524 581.6481735 15.5502555 47.0122663
736.12958 581.4693046 15.5500002 47.3950747
736.1294877 506.7232097 15.5502555 47.0122663
736.1296153 506.5443408 15.5500002 47.3950747
774.0486516 504.8790775 47.0122663 15.5502555
773.8446856 504.8792051 47.3950747 15.5500002
774.0544735 471.5731638 15.5502555 47.0122663
774.0546012 471.3942949 15.5500002 47.3950747
478.0484399 655.6542689 47.0122663 15.5502555
477.8445004 655.6543965 47.3950747 15.5500002
515.048484 615.8792495 47.0122663 15.5502555
514.8445445 615.8793771 47.3950747 15.5500002
515.0483958 542.8041163 47.0122663 15.5502555
514.8444563 542.8042439 47.3950747 15.5500002
550.1985034 579.8042265 47.0122663 15.5502555
549.9945727 579.8043542 47.3950747 15.5500002
554.8234681 503.9541621 47.0122663 15.5502555
554.6195198 503.9542898 47.3950747 15.5500002
514.1233835 503.9541621 47.0122663 15.5502555
513.9194439 503.9542898 47.3950747 15.5500002
514.1233923 466.9539813 47.0122663 15.5502555
513.9194527 466.9541089 47.3950747 15.5500002
550.1984329 431.8039884 47.0122663 15.5502555
549.9944933 431.804116 47.3950747 15.5500002
587.1984858 431.8039884 47.0122663 15.5502555
586.9945462 431.804116 47.3950747 15.5500002
624.1984681 431.8039178 47.0122663 15.5502555
623.9945374 431.8040454 47.3950747 15.5500002
661.1985034 431.8040589 47.0122663 15.5502555
660.9945551 431.8041866 47.3950747 15.5500002
663.0485105 544.6541277 47.0122663 15.5502555
662.8445798 544.6542554 47.3950747 15.5500002
694.5044171 507.6482309 15.5502555 47.0122663
694.5045447 507.469362 15.5500002 47.3950747
622.3543889 437.3480112 15.5502555 47.0122663
622.3545165 437.1691423 15.5500002 47.3950747
622.3544065 474.3482626 15.5502555 47.0122663
622.3545341 474.1693937 15.5500002 47.3950747
586.2793571 470.6481867 15.5502555 47.0122663
586.2794847 470.4693179 15.5500002 47.3950747
550.2042989 435.49811 15.5502555 47.0122663
550.2044265 435.3192411 15.5500002 47.3950747
511.3543271 542.7982811 15.5502555 47.0122663
511.3544547 542.6194034 15.5500002 47.3950747
511.3543006 584.4234487 15.5502555 47.0122663
511.3544283 584.2445799 15.5500002 47.3950747
546.504373 620.4984187 15.5502555 47.0122663
546.5045006 620.319541 15.5500002 47.3950747
514.1292848 470.6482573 15.5502555 47.0122663
514.1294124 470.4693884 15.5500002 47.3950747
811.054403 397.5729653 15.5502555 47.0122663
811.0545306 397.3940964 15.5500002 47.3950747
774.0545088 434.5730535 15.5502555 47.0122663
774.0546365 434.3941846 15.5500002 47.3950747
694.5044524 433.6479971 15.5502555 47.0122663
694.50458 433.4691282 15.5500002 47.3950747
694.5044171 470.6482573 15.5502555 47.0122663
694.5045447 470.4693884 15.5500002 47.3950747
699.1234893 469.7290095 47.0122663 15.5502555
698.9195586 469.7291372 47.3950747 15.5500002
626.0485105 503.9541269 47.0122663 15.5502555
625.8445621 503.9542545 47.3950747 15.5500002
549.2792689 322.6479 15.5502555 47.0122663
549.2793965 322.46904 15.5500002 47.3950747
731.5042407 247.7228436 15.5502555 47.0122663
731.5043683 247.5439835 15.5500002 47.3950747
625.1293112 320.7979283 15.5502555 47.0122663
625.1294389 320.6190682 15.5500002 47.3950747
513.2043077 396.6482617 15.5502555 47.0122663
513.2044353 396.4693928 15.5500002 47.3950747
736.1294171 360.5730271 15.5502555 47.0122663
736.1295447 360.3941582 15.5500002 47.3950747
736.1293465 397.5729653 15.5502555 47.0122663
736.1294741 397.3940964 15.5500002 47.3950747
739.823574 429.028819 47.0122663 15.5502555
739.619608 429.0289466 47.3950747 15.5500002
776.8235034 429.028819 47.0122663 15.5502555
776.6195727 429.0289466 47.3950747 15.5500002
807.3486022 467.8789672 47.0122663 15.5502555
807.1446362 467.8790948 47.3950747 15.5500002
663.0484399 392.0288719 47.0122663 15.5502555
662.8445092 392.0289996 47.3950747 15.5500002
630.6735105 392.0289425 47.0122663 15.5502555
630.4695621 392.0290701 47.3950747 15.5500002
595.5234646 392.0289425 47.0122663 15.5502555
595.3195251 392.0290701 47.3950747 15.5500002
548.3484258 392.0290131 47.0122663 15.5502555
548.1444862 392.0291407 47.3950747 15.5500002
513.1983976 392.0290836 47.0122663 15.5502555
512.994458 392.0292113 47.3950747 15.5500002
478.9732847 357.8037149 47.0122663 15.5502555
478.7693451 357.8038425 47.3950747 15.5500002
515.9733376 357.803856 47.0122663 15.5502555
515.769398 357.8039837 47.3950747 15.5500002
552.9733905 357.8037855 47.0122663 15.5502555
552.7694421 357.8039131 47.3950747 15.5500002
589.9733905 357.8037149 47.0122663 15.5502555
589.7694421 357.8038425 47.3950747 15.5500002
626.9734611 357.803856 47.0122663 15.5502555
626.7695127 357.8039837 47.3950747 15.5500002
768.5043465 212.5729918 15.5502555 47.0122663
768.5044741 212.3941317 15.5500002 47.3950747
768.5043112 248.6477589 15.5502555 47.0122663
768.5044389 248.4688988 15.5500002 47.3950747
768.5044171 284.7228436 15.5502555 47.0122663
768.5045447 284.5439835 15.5500002 47.3950747
807.3543889 289.3478436 15.5502555 47.0122663
807.3545165 289.1689835 15.5500002 47.3950747
807.3543183 323.5728506 15.5502555 47.0122663
807.3544459 323.3939906 15.5500002 47.3950747
694.5042759 320.7979988 15.5502555 47.0122663
694.5044036 320.6191388 15.5500002 47.3950747
694.5043465 357.7982458 15.5502555 47.0122663
694.5044741 357.6193858 15.5500002 47.3950747
694.5043112 396.6481206 15.5502555 47.0122663
694.5044389 396.4692517 15.5500002 47.3950747
515.0541824 282.8728895 15.5502555 47.0122663
515.0543101 282.6940294 15.5500002 47.3950747
587.2042195 288.4228577 15.5502555 47.0122663
587.2043471 288.2439976 15.5500002 47.3950747
552.0483605 282.8786937 47.0122663 15.5502555
551.844421 282.8788214 47.3950747 15.5500002
589.0484399 282.8787643 47.0122663 15.5502555
588.8444915 282.8788919 47.3950747 15.5500002
626.0484399 282.8786232 47.0122663 15.5502555
625.8444915 282.8787508 47.3950747 15.5500002
663.0484046 282.8786937 47.0122663 15.5502555
662.8444563 282.8788214 47.3950747 15.5500002
700.0484399 282.8786232 47.0122663 15.5502555
699.8445092 282.8787508 47.3950747 15.5500002
663.0483341 319.8787643 47.0122663 15.5502555
662.8443857 319.8788919 47.3950747 15.5500002
779.5986022 393.8788437 47.0122663 15.5502555
779.3946715 393.8789713 47.3950747 15.5500002
736.1235599 355.0288278 47.0122663 15.5502555
735.9195939 355.0289554 47.3950747 15.5500002
770.3485669 355.0286867 47.0122663 15.5502555
770.1446009 355.0288143 47.3950747 15.5500002
808.2735528 284.7285243 47.0122663 15.5502555
808.0696221 284.728652 47.3950747 15.5500002
700.0484752 319.8786937 47.0122663 15.5502555
699.8445445 319.8788214 47.3950747 15.5500002
737.0486516 319.8785526 47.0122663 15.5502555
736.8446856 319.8786802 47.3950747 15.5500002
737.0485458 208.8785173 47.0122663 15.5502555
736.8445798 208.8786449 47.3950747 15.5500002
700.9733905 208.8786584 47.0122663 15.5502555
700.7694245 208.8787861 47.3950747 15.5500002
811.054403 211.647653 15.5502555 47.0122663
811.0545306 211.4687753 15.5500002 47.3950747
697.2791983 177.4228224 15.5502555 47.0122663
697.2793259 177.2439447 15.5500002 47.3950747
811.9736728 208.878729 47.0122663 15.5502555
811.7697421 208.8788566 47.3950747 15.5500002
809.1985034 133.9534432 47.0122663 15.5502555
808.9945374 133.9535708 47.3950747 15.5500002
773.1234893 171.8784996 47.0122663 15.5502555
772.9195586 171.8786273 47.3950747 15.5500002
736.1294171 137.6477765 15.5502555 47.0122663
736.1295447 137.4689341 15.5500002 47.3950747
774.0543677 102.4976777 15.5502555 47.0122663
774.0544953 102.3188353 15.5500002 47.3950747
774.0542265 138.5726919 15.5502555 47.0122663
774.0543542 138.3938494 15.5500002 47.3950747
736.1234893 171.8786408 47.0122663 15.5502555
735.9195233 171.8787684 47.3950747 15.5500002
704.6734752 135.8036973 47.0122663 15.5502555
704.4695092 135.8038249 47.3950747 15.5500002
663.0483693 135.8036973 47.0122663 15.5502555
662.8444386 135.8038249 47.3950747 15.5500002
626.9733552 135.8036973 47.0122663 15.5502555
626.7694069 135.8038249 47.3950747 15.5500002
591.823327 135.8035561 47.0122663 15.5502555
591.6193874 135.8036837 47.3950747 15.5500002
589.0541824 135.7976636 15.5502555 47.0122663
589.0543101 135.6188212 15.5500002 47.3950747
552.0542354 104.3480729 15.5502555 47.0122663
552.054363 104.1692305 15.5500002 47.3950747
557.5983111 172.8035561 47.0122663 15.5502555
557.3943716 172.8036837 47.3950747 15.5500002
626.0484576 207.9536726 47.0122663 15.5502555
625.8445092 207.9538002 47.3950747 15.5500002
589.9733464 207.9536726 47.0122663 15.5502555
589.7694069 207.9538002 47.3950747 15.5500002
553.8982882 207.953602 47.0122663 15.5502555
553.6943486 207.9537296 47.3950747 15.5500002
516.8982617 207.9538137 47.0122663 15.5502555
516.6943222 207.9539413 47.3950747 15.5500002
552.0483164 247.7286655 47.0122663 15.5502555
551.844368 247.7287931 47.3950747 15.5500002
552.0542354 249.5728154 15.5502555 47.0122663
552.054363 249.3939553 15.5500002 47.3950747
624.204343 211.6480059 15.5502555 47.0122663
624.2044706 211.4691282 15.5500002 47.3950747
663.0483341 244.9536373 47.0122663 15.5502555
662.8444033 244.9537649 47.3950747 15.5500002
700.0483693 244.9535667 47.0122663 15.5502555
699.8444386 244.9536943 47.3950747 15.5500002
658.4293324 207.9479212 15.5502555 47.0122663
658.42946 207.7690435 15.5500002 47.3950747
623.2793042 171.8729777 15.5502555 47.0122663
623.2794318 171.6941 15.5500002 47.3950747
660.2793218 137.6477765 15.5502555 47.0122663
660.2794494 137.4689341 15.5500002 47.3950747
511.3542389 211.6480765 15.5502555 47.0122663
511.3543665 211.4691988 15.5500002 47.3950747
511.3541154 140.4228048 15.5502555 47.0122663
511.354243 140.2439623 15.5500002 47.3950747
477.1232291 227.3788702 47.0122663 15.5502555
476.9192895 227.3789978 47.3950747 15.5500002
511.3541683 176.4979777 15.5502555 47.0122663
511.354296 176.3191 15.5500002 47.3950747
660.2794453 581.6483852 15.5502555 47.0122663
660.2795729 581.4695163 15.5500002 47.3950747
660.2794806 544.648394 15.5502555 47.0122663
660.2796082 544.4695163 15.5500002 47.3950747
511.3543359 575.1733164 15.5502555 47.0122663
511.3544636 574.9944475 15.5500002 47.3950747
586.2793571 504.8732026 15.5502555 47.0122663
586.2794847 504.6943337 15.5500002 47.3950747
537.2484364 503.9541621 47.0122663 15.5502555
537.0444968 503.9542898 47.3950747 15.5500002
572.398447 392.0289425 47.0122663 15.5502555
572.1944986 392.0290701 47.3950747 15.5500002
658.4294206 213.4979071 15.5502555 47.0122663
658.4295482 213.319047 15.5500002 47.3950747
684.3233623 135.8036973 47.0122663 15.5502555
684.1194139 135.8038249 47.3950747 15.5500002
551.1233305 172.8036973 47.0122663 15.5502555
550.9193998 172.8038249 47.3950747 15.5500002
272.7038801 397.5791712 21.1000026 21.1000026
265.2838955 387.8167244 39.0578384 39.011658
272.7038448 558.5295029 21.1000026 21.1000026
265.2838602 548.7670561 39.0578384 39.011658
274.5539578 625.1295717 21.1000026 21.1000026
267.1339731 615.3671426 39.0578384 39.011658
216.2795647 816.6046847 21.1000026 21.1000026
208.8595448 806.8422202 39.0578384 39.011658
276.073706 797.1903165 36.8010858 37.8072713
282.886887 790.6914727 32.2000229 54.4000326
276.0906653 790.6824616 38.9982272 54.3999885
287.441894 806.4019794 21.5420143 22.9500141
375.0493217 797.1903165 36.8010858 37.8072713
381.8623439 790.6914727 32.2000229 54.4000326
375.0661222 790.6826733 38.9982272 54.3999885
386.4173686 806.4021912 21.5420143 22.9500141
406.2735057 800.7675355 36.8010858 37.8072713
404.0536424 790.6904847 32.2000229 54.4000326
404.0513245 790.6989048 38.9982272 54.3999885
410.1562912 806.4292555 21.5420143 22.9500141
456.7795735 714.8544024 21.1000026 21.1000026
449.3595712 705.0919555 39.0578384 39.011658
458.6295982 821.2294024 21.1000026 21.1000026
451.2095959 811.4670085 39.0578384 39.011658
405.9147948 644.876409 22.9294964 14.9061728
405.9045426 640.8544939 22.9500009 22.9500031
370.4109478 632.1866376 14.3790536 14.3790536
367.8170517 629.5932918 19.5668811 19.5657453
370.4110211 634.1843081 14.378907 10.3837126
260.6750917 835.0998017 84.0 15.5502555
260.4623351 835.0996559 84.4003897 15.5505472
333.7130644 835.9877373 84.0 15.5502555
333.5003254 835.9875915 84.4003897 15.5505472
134.0520589 776.0300525 54.4000326 32.2000229
407.75 835.0995194 84.0 15.5502555
407.537261 835.0993736 84.4003897 15.5505472
480.7879815 835.0630337 84.0 15.5502555
480.5752425 835.0628879 84.4003897 15.5505472
553.8987138 834.1745335 84.0 15.5502555
553.6859748 834.1743877 84.4003897 15.5505472
626.9368806 835.0628926 84.0 15.5502555
626.7241416 835.0627467 84.4003897 15.5505472
699.1202011 835.0911919 84.0 15.5502555
698.9074798 835.0910461 84.4003897 15.5505472
773.0868206 835.0629632 84.0 15.5502555
772.8740993 835.0628173 84.4003897 15.5505472
333.7156932 99.6688382 84.0 15.5502555
333.5029542 99.6686923 84.4003897 15.5505472
407.7526023 99.7056061 84.0 15.5502555
407.5398633 99.7054603 84.4003897 15.5505472
481.7155874 99.6689793 84.0 15.5502555
481.5028484 99.6688335 84.4003897 15.5505472
554.8263197 99.705465 84.0 15.5502555
554.6135807 99.7053192 84.4003897 15.5505472
626.9394741 99.668697 84.0 15.5502555
626.7267528 99.6685512 84.4003897 15.5505472
700.0478334 99.6969964 84.0 15.5502555
699.8351121 99.6968505 84.4003897 15.5505472
774.0118418 99.6880337 84.0 15.5502555
773.7990851 99.6878879 84.4003897 15.5505472
112.6407585 99.6687676 84.0 15.5502555
112.4280019 99.6686218 84.4003897 15.5505472
186.6407232 99.6687676 84.0 15.5502555
186.4279666 99.6686218 84.4003897 15.5505472
260.6407585 99.6687676 84.0 15.5502555
260.4280372 99.6686218 84.4003897 15.5505472
107.1290289 99.7287827 15.5502555 84.0
107.1288831 99.5411496 15.5505472 84.4003897
107.1294171 173.7285533 15.5502555 84.0
107.1292713 173.5409203 15.5505472 84.4003897
107.1290642 246.8035498 15.5502555 84.0
107.1289184 246.6158991 15.5505472 84.4003897
107.1293112 319.8785992 15.5502555 84.0
107.1291654 319.6909485 15.5505472 84.4003897
107.1289584 392.9536133 15.5502555 84.0
107.1288125 392.7659626 15.5505472 84.4003897
107.1292054 466.0285943 15.5502555 84.0
107.1290595 465.8409436 15.5505472 84.4003897
107.1290289 540.0280628 15.5502555 84.0
107.1288831 539.8404121 15.5505472 84.4003897
107.1292759 613.1035709 15.5502555 84.0
107.1291301 612.9159379 15.5505472 84.4003897
107.1289584 686.1810904 15.5502555 84.0
107.1288125 685.9934397 15.5505472 84.4003897
107.1292759 759.2535286 15.5502555 84.0
107.1291301 759.0658956 15.5505472 84.4003897
187.6001482 835.0998017 84.0 15.5502555
187.3873916 835.0996559 84.4003897 15.5505472
116.3751764 835.0998017 84.0 15.5502555
116.1624198 835.0996559 84.4003897 15.5505472
108.9752188 835.0998017 84.0 15.5502555
108.7624621 835.0996559 84.4003897 15.5505472
107.1292759 766.6535568 15.5502555 84.0
107.1291301 766.4659238 15.5505472 84.4003897
842.5037819 107.1296577 15.5502555 84.0
842.5036361 106.9420247 15.5505472 84.4003897
842.5041701 180.2048306 15.5502555 84.0
842.5040243 180.0171976 15.5505472 84.4003897
842.5038172 253.2798271 15.5502555 84.0
842.5036714 253.0921764 15.5505472 84.4003897
842.5040642 326.3548765 15.5502555 84.0
842.5039184 326.1672258 15.5505472 84.4003897
842.5037114 399.4298906 15.5502555 84.0
842.5035655 399.24224 15.5505472 84.4003897
842.5039584 472.5048695 15.5502555 84.0
842.5038125 472.3172188 15.5505472 84.4003897
842.5037819 546.5043402 15.5502555 84.0
842.5036361 546.3166895 15.5505472 84.4003897
842.5040289 619.5798483 15.5502555 84.0
842.5038831 619.3921976 15.5505472 84.4003897
842.5037819 692.6573148 15.5502555 84.0
842.5036361 692.4696641 15.5505472 84.4003897
842.5040289 766.6535568 15.5502555 84.0
842.5038831 766.4659238 15.5505472 84.4003897
477.1289672 231.078825 15.5502555 84.0
477.1288214 230.8911743 15.5505472 84.4003897
477.1292142 304.1532393 15.5502555 84.0
477.1290684 303.9655886 15.5505472 84.4003897
477.1290378 378.1526217 15.5502555 84.0
477.1288919 377.9649711 15.5505472 84.4003897
477.1292848 451.2281696 15.5502555 84.0
477.1291389 451.0405189 15.5505472 84.4003897
477.1290378 524.3060198 15.5502555 84.0
477.1288919 524.1183691 15.5505472 84.4003897
477.1290378 586.2810621 15.5502555 84.0
477.1288919 586.0934114 15.5505472 84.4003897
477.1290378 658.4310727 15.5502555 84.0
477.1288919 658.243422 15.5505472 84.4003897
477.1290378 728.7311115 15.5502555 84.0
477.1288919 728.5434608 15.5505472 84.4003897
477.1290378 764.8061609 15.5502555 84.0
477.1288919 764.6184926 15.5505472 84.4003897
112.6683235 710.2252604 47.0122663 15.5502555
112.4894457 710.225388 47.3950747 15.5500002
133.0142726 710.2257191 47.0122663 15.5502555
132.8353949 710.2258468 47.3950747 15.5500002
144.2203945 779.1933387 37.8072713 36.8010858
338.3421047 700.0100662 84.0 15.5502555
338.1293657 700.0099203 84.4003897 15.5505472
405.9000106 700.0494277 84.0 15.5502555
405.6872716 700.0492818 84.4003897 15.5505472
329.0919282 573.2855178 84.0 15.5502555
328.8791893 573.285372 84.4003897 15.5505472
403.1250088 573.3244382 84.0 15.5502555
402.9122698 573.3242924 84.4003897 15.5505472
290.2787396 607.5482635 15.5502555 47.0122663
290.2788672 607.3443328 15.5500002 47.3950747
290.241833 700.0105072 84.0 15.5502555
290.029094 700.0103614 84.4003897 15.5505472
291.2037255 421.6230747 15.5502555 47.0122663
291.2038531 421.4191352 15.5500002 47.3950747
290.2787396 510.4230518 15.5502555 47.0122663
290.2788672 510.2191122 15.5500002 47.3950747
290.2787396 504.8730527 15.5502555 47.0122663
290.2788672 504.6691131 15.5500002 47.3950747
292.0917871 573.2855178 84.0 15.5502555
291.8790481 573.285372 84.4003897 15.5505472
203.3296782 711.1542273 15.5502555 84.0
203.3295324 710.9665766 15.5505472 84.4003897
229.2286415 328.2039309 47.0 47.0
183.9036627 302.303885 47.0 47.0
146.9036274 306.9288673 47.0 47.0
440.1293402 105.2787685 47.0 47.0
842.5037819 102.5047283 15.5502555 84.0
842.5036361 102.3170953 15.5505472 84.4003897
110.7855644 383.6423544 84.0 15.5502555
110.5728078 383.6422086 84.4003897 15.5505472
184.7906809 383.6438629 84.0 15.5502555
184.5779243 383.643717 84.4003897 15.5505472
222.3454466 383.6808778 84.0 15.5502555
222.13269 383.680732 84.4003897 15.5505472
341.1541479 170.9539485 47.0 47.0
518.7483129 282.8786408 47.0122663 15.5502555
518.5443733 282.8787684 47.3950747 15.5500002
453.9942726 230.1500494 47.0111018 11.85
453.8144069 230.1500494 47.3959039 11.85
